image: ../map/map.png
resolution: 0.05
origin: [0.000000, 0.000000, 0.000000]
negate: 0
occupied_thresh: 0.3
free_thresh: 0.3
